3492000048810704660
3492000048805786792
3492000048811469408
3492000048812276275
3492000048812807899
3492000048814287590
3492000048811722506
3492000048812280980
3492000048813210590
3492000048814487804
3492000048812402186
3492000048812029597
3492000048813591206
3492000048813631284
3492000048811229052
3492000048804608924
3492000048814215073
3492000048802767455
3492000048813049632
3492000048808500041
3492000048813213676
3492000048811480914
3492000048813276361
3492000048813184367
3492000048808635936
3492000048798025988
3492000048797834578
3492000048812940412
3492000048801176148
3492000048805409795
3492000048812595543
3492000048813360806
3492000048805314117
3492000048806934482
3492000048811454889
3492000048807981992
3492000048810411754
3492000048814430215
3492000048809262307
3492000048811145791, 3492000048812675489
3492000048812675489, 3492000048811145791
3492000048803326230, 3492000048809194014
3364551064723992777
3492000048801863164
3492000048804529481
3492000048808107315
3492000048809120935
3492000048803154100
3492000048803175674
3492000048804505297
3492000048811908586
3492000048804665310
3492000048811797993
3492000048806744174
3492000048813777795
3492000048811764805
3492000048804460751
3492000048803087405, 3492000048806900695, 3492000048807129556
3492000048807129556, 3492000048806900695, 3492000048803087405
3492000048811146753
3492000048813976138
3492000048808512943
3492000048812588135
3492000048812588223
0
0
0
0
0
0
0
0
3492000048813298514
3492000048811393640
3492000048812062827
3492000048811399701
3492000048814445960
3492000048814453875
3492000048807388790
3492000048806918561
3492000048804722918
3492000048811019099
3492000048811002115
3492000048811145791
3492000048806900695, 3492000048807129556, 3492000048803087405
