3364551064715707201
3364551064724122883
3364551064725812511
3492000048795745314
3492000048795745678
3492000048795745833
3492000048796007592
3492000048796100545
3492000048796100563
3492000048796100626
3492000048796101956
3492000048796149482
3492000048796817341
3492000048796878358
3492000048796924100
3492000048796971517
3492000048797035044
3492000048797103370
3492000048797103497
3492000048797256427
3492000048797318278
3492000048797508860
3492000048797509507
3492000048797515162
3492000048797515170
3492000048797553068
3492000048797553457
3492000048797577928
3492000048797578457
3492000048797587949
3492000048797638610
3492000048797639360
3492000048797680283
3492000048797696928
3492000048797702088
3492000048797703776
3492000048797706992
3492000048797725105
3492000048797725322
3492000048797729564
3492000048797735998
3492000048797740382
3492000048797741343
3492000048797742289
3492000048797742777
3492000048797769691
3492000048797798983
3492000048797800730
3492000048797807621
3492000048797833133
3492000048797834578
3492000048797859579
3492000048797870530
3492000048797871657
3492000048797872070
3492000048797880434
3492000048797894040
3492000048797894781
3492000048797896452
3492000048797908716
3492000048797909420
3492000048797952209
3492000048797965939
3492000048797968379
3492000048797968715
3492000048797972047
3492000048797973454
3492000048797974037
3492000048797986477
3492000048797989466
3492000048797989979
3492000048797995196
3492000048797995827
3492000048798015952
3492000048798017487
3492000048798023915
3492000048798026054
3492000048798036147
3492000048798041612
3492000048798054183
3492000048798055598
3492000048798062906
3492000048798064195
3492000048798064587
3492000048798073921
3492000048798074355
3492000048798079090
3492000048798085461
3492000048798108405
3492000048798114009
3492000048798134563
3492000048798134748
3492000048798136984
3492000048798156326
3492000048798177760
3492000048798177938
3492000048798178142
3492000048798192420
3492000048798193457
3492000048798213111
3492000048798268681
3492000048798269110
3492000048798281548
3492000048798283710
3492000048798284514
3492000048798324182
3492000048798362289
3492000048798413570
3492000048798414666
3492000048798492251
3492000048798493542
3492000048798570579
3492000048798679680
3492000048798713609
3492000048798760253
3492000048798834509
3492000048798834791
3492000048798834955
3492000048798837648
3492000048798838059
3492000048798842939
3492000048798855895
3492000048798856511
3492000048798859581
3492000048798942996
3492000048798943557
3492000048798943910
3492000048799009738
3492000048799012209
3492000048799040835
3492000048799040925
3492000048799041194
3492000048799041400
3492000048799041786
3492000048799042011
3492000048799042913
3492000048799043098
3492000048799044705
3492000048799091108
3492000048799091430
3492000048799127995
3492000048799161461
3492000048799161573
3492000048799164189
3492000048799222789
3492000048799247174
3492000048799253793
3492000048799295170
3492000048799296227
3492000048799311805
3492000048799338636
3492000048799357967
3492000048799363107
3492000048799363830
3492000048799365332
3492000048799368900
3492000048799388157
3492000048799406646
3492000048799409236
3492000048799414148
3492000048799417171
3492000048799418050
3492000048799470779
3492000048799476533
3492000048799509485
3492000048799510636
3492000048799511258
3492000048799511753
3492000048799512311
3492000048799530308
3492000048799534917
3492000048799535905
3492000048799569570
3492000048799572154
3492000048799572593
3492000048799577395
3492000048799578791
3492000048799579640
3492000048799594339
3492000048799628804
3492000048799663189
3492000048799663389
3492000048799714649
3492000048799715855
3492000048799716259
3492000048799720147
3492000048799720502
3492000048799720767
3492000048799721241
3492000048799733234
3492000048799738493
3492000048799739619
3492000048799749238
3492000048799749605
3492000048799761964
3492000048799804957
3492000048799845743
3492000048799886384
3492000048799887609
3492000048799888321
3492000048799888734
3492000048799889048
3492000048799889687
3492000048799890502
3492000048799891575
3492000048799891973
3492000048799892285
3492000048799892669
3492000048799892999
3492000048799894551
3492000048799955904
3492000048799956353
3492000048799957612
3492000048799958017
3492000048799959282
3492000048799986482
3492000048799987138
3492000048799999280
3492000048799999569
3492000048800041467
3492000048800071609
3492000048800077565
3492000048800078778
3492000048800088453
3492000048800112110
3492000048800112955
3492000048800133244
3492000048800134853
3492000048800141061
3492000048800141565
3492000048800142367
3492000048800170467
3492000048800170888
3492000048800187725
3492000048800214621
3492000048800265235
3492000048800293192
3492000048800297332
3492000048800307839
3492000048800308505
3492000048800309595
3492000048800311360
3492000048800315111
3492000048800323506
3492000048800349359
3492000048800350001
3492000048800377605
3492000048800390806
3492000048800403410
3492000048800405131
3492000048800434694
3492000048800439970
3492000048800441447
3492000048800465490
3492000048800483896
3492000048800485957
3492000048800496654
3492000048800497125
3492000048800497421
3492000048800497969
3492000048800500463
3492000048800507616
3492000048800522546
3492000048800524556
3492000048800572233
3492000048800588327
3492000048800609242
3492000048800617833
3492000048800619886
3492000048800623535
3492000048800624961
3492000048800625558
3492000048800625983
3492000048800626874
3492000048800627816
3492000048800651149
3492000048800653532
3492000048800664431
3492000048800667172
3492000048800680583
3492000048800706769
3492000048800712335
3492000048800727153
3492000048800752204
3492000048800755034
3492000048800775005
3492000048800784343
3492000048800787115
3492000048800791748
3492000048800870410
3492000048800872523
3492000048800873724
3492000048800876036
3492000048800877490
3492000048800892151
3492000048800893133
3492000048800894125
3492000048800895311
3492000048800898458
3492000048800905139
3492000048800905508
3492000048800905870
3492000048800909233
3492000048800916609
3492000048800945504
3492000048800946527
3492000048800953169
3492000048800953961
3492000048800959859
3492000048800961021
3492000048800963111
3492000048800973409
3492000048800996784
3492000048801013478
3492000048801064039
3492000048801064464
3492000048801065379
3492000048801066899
3492000048801071581
3492000048801074977
3492000048801077063
3492000048801094841
3492000048801095907
3492000048801099438
3492000048801100086
3492000048801106486
3492000048801107896
3492000048801108309
3492000048801151755
3492000048801152012
3492000048801152499
3492000048801170763
3492000048801171842
3492000048801176148
3492000048801176754
3492000048801185591
3492000048801186886
3492000048801193587
3492000048801194295
3492000048801194591
3492000048801195698
3492000048801226310
3492000048801232827
3492000048801235202
3492000048801244529
3492000048801244794
3492000048801382069
3492000048801383165
3492000048801387998
3492000048801442536
3492000048801480886
3492000048801504891
3492000048801518547
3492000048801525430
3492000048801535541
3492000048801537932
3492000048801576506
3492000048801576998
3492000048801595342
3492000048801595647
3492000048801595947
3492000048801607866
3492000048801643471
3492000048801644766
3492000048801652620
3492000048801653088
3492000048801654157
3492000048801684292
3492000048801776969
3492000048801795895
3492000048801828268
3492000048801830502
3492000048801857484
3492000048801860832
3492000048801882340
3492000048802014347
3492000048802021192
3492000048802022007
3492000048802035056
3492000048802036717
3492000048802037330
3492000048802042980
3492000048802046651
3492000048802048169
3492000048802050050
3492000048802062821
3492000048802127861
3492000048802128426
3492000048802135662
3492000048802141018
3492000048802142843
3492000048802146913
3492000048802149678
3492000048802150909
3492000048802156326
3492000048802178596
3492000048802178989
3492000048802183455
3492000048802196408
3492000048802202030
3492000048802209535
3492000048802211434
3492000048802222516
3492000048802224779
3492000048802225980
3492000048802227920
3492000048802229742
3492000048802233175
3492000048802237849
3492000048802238517
3492000048802254280
3492000048802281792
3492000048802290480
3492000048802304741
3492000048802305370
3492000048802347782
3492000048802348364
3492000048802364339
3492000048802366332
3492000048802374258
3492000048802377208
3492000048802390256
3492000048802394946
3492000048802395515
3492000048802398988
3492000048802399505
3492000048802405393
3492000048802451761
3492000048802453433
3492000048802466327
3492000048802476815
3492000048802478993
3492000048802501533
3492000048802502703
3492000048802557291
3492000048802558555
3492000048802600141
3492000048802626881
3492000048802640591
3492000048802640997
3492000048802648283
3492000048802651121
3492000048802652931
3492000048802654314
3492000048802655132
3492000048802672494
3492000048802673646
3492000048802705623
3492000048802706176
3492000048802712985
3492000048802713683
3492000048802720475
3492000048802760921
3492000048802761728
3492000048802763426
3492000048802766351
3492000048802766889
3492000048802769469
3492000048802775618
3492000048802778824
3492000048802786247
3492000048802865992
3492000048802867328
3492000048802881099
3492000048802886296
3492000048802887075
3492000048802899568
3492000048802900799
3492000048802901095
3492000048802902356
3492000048802904493
3492000048802907264
3492000048802913271
3492000048802926594
3492000048802926965
3492000048802928716
3492000048802929122
3492000048802932038
3492000048802942829
3492000048802956966
3492000048802959213
3492000048802973734
3492000048802982307
3492000048802983885
3492000048802984560
3492000048802986032
3492000048802988254
3492000048802989515
3492000048802990020
3492000048803061652
3492000048803062591
3492000048803063260
3492000048803063478
3492000048803086584
3492000048803091295
3492000048803115857
3492000048803122472
3492000048803123349
3492000048803123687
3492000048803143211
3492000048803143628
3492000048803145339
3492000048803149994
3492000048803159737
3492000048803160231
3492000048803160680
3492000048803181466
3492000048803209219
3492000048803217444
3492000048803237092
3492000048803238291
3492000048803249015
3492000048803249687
3492000048803250948
3492000048803274070
3492000048803275785
3492000048803279635
3492000048803281094
3492000048803300252
3492000048803302270
3492000048803305963
3492000048803310401
3492000048803320495
3492000048803337540
3492000048803352230
3492000048803354019
3492000048803360820
3492000048803361920
3492000048803362829
3492000048803368085
3492000048803369434
3492000048803381127
3492000048803395997
3492000048803407176
3492000048803431660
3492000048803435929
3492000048803459679
3492000048803480448
3492000048803482363
3492000048803482966
3492000048803492657
3492000048803501907
3492000048803506133
3492000048803506733
3492000048803516157
3492000048803518065
3492000048803523523
3492000048803529006
3492000048803535332
3492000048803535865
3492000048803543286
3492000048803575422
3492000048803577268
3492000048803583537
3492000048803585866
3492000048803588713
3492000048803596082
3492000048803597424
3492000048803627882
3492000048803635595
3492000048803639705
3492000048803640251
3492000048803641002
3492000048803642005
3492000048803657314
3492000048803657776
3492000048803658265
3492000048803660166
3492000048803697370
3492000048803697916
3492000048803712304
3492000048803720432
3492000048803724593
3492000048803728897
3492000048803733253
3492000048803751602
3492000048803775857
3492000048803786565
3492000048803788101
3492000048803789985
3492000048803800099
3492000048803801461
3492000048803803041
3492000048803812281
3492000048803812858
3492000048803822687
3492000048803823289
3492000048803834894
3492000048803848937
3492000048803859090
3492000048803860756
3492000048803864143
3492000048803864835
3492000048803866739
3492000048803867836
3492000048803872960
3492000048803879650
3492000048803896292
3492000048803910561
3492000048803911211
3492000048803921822
3492000048803927820
3492000048803929621
3492000048803931074
3492000048803936196
3492000048803941091
3492000048803942071
3492000048803944059
3492000048803951699
3492000048803953779
3492000048803954176
3492000048803954781
3492000048803958405
3492000048803968779
3492000048803975993
3492000048803991524
3492000048804008864
3492000048804009362
3492000048804011004
3492000048804014603
3492000048804016734
3492000048804018626
3492000048804024256
3492000048804030039
3492000048804040607
3492000048804040950
3492000048804041754
3492000048804042213
3492000048804046171
3492000048804046745
3492000048804055579
3492000048804058642
3492000048804065106
3492000048804066751
3492000048804074617
3492000048804088295
3492000048804091310
3492000048804092766
3492000048804095376
3492000048804095726
3492000048804096027
3492000048804132155
3492000048804148137
3492000048804158670
3492000048804190255
3492000048804192852
3492000048804196882
3492000048804203578
3492000048804204430
3492000048804207208
3492000048804211415
3492000048804211823
3492000048804212460
3492000048804218175
3492000048804233666
3492000048804235844
3492000048804237768
3492000048804256627
3492000048804257432
3492000048804282910
3492000048804286973
3492000048804293006
3492000048804294167
3492000048804297071
3492000048804298037
3492000048804298730
3492000048804300630
3492000048804301429
3492000048804307385
3492000048804319194
3492000048804331203
3492000048804331668
3492000048804332626
3492000048804333047
3492000048804333966
3492000048804341580
3492000048804362121
3492000048804378123
3492000048804381419
3492000048804382880
3492000048804386806
3492000048804392773
3492000048804413168
3492000048804422294
3492000048804430407
3492000048804439799
3492000048804441706
3492000048804442592
3492000048804451138
3492000048804459994
3492000048804461790
3492000048804463947
3492000048804475580
3492000048804476739
3492000048804477416
3492000048804483085
3492000048804483814
3492000048804484260
3492000048804495087
3492000048804501928
3492000048804505011
3492000048804513500
3492000048804514236
3492000048804515100
3492000048804517286
3492000048804520714
3492000048804527652
3492000048804529481
3492000048804530484
3492000048804544201
3492000048804552853
3492000048804554319
3492000048804555103
3492000048804557193
3492000048804560153
3492000048804561469
3492000048804561768
3492000048804562392
3492000048804570260
3492000048804570592
3492000048804576593
3492000048804577668
3492000048804593329
3492000048804596057
3492000048804600518
3492000048804608924
3492000048804618184
3492000048804622770
3492000048804628343
3492000048804629113
3492000048804632028
3492000048804632790
3492000048804633458
3492000048804637876
3492000048804640303
3492000048804649420
3492000048804652484
3492000048804655376
3492000048804658209
3492000048804662291
3492000048804674087
3492000048804681986
3492000048804687753
3492000048804692759
3492000048804706597
3492000048804707047
3492000048804707502
3492000048804713346
3492000048804724125
3492000048804725226
3492000048804733303
3492000048804734116
3492000048804735727
3492000048804736379
3492000048804737267
3492000048804737844
3492000048804740480
3492000048804763219
3492000048804770431
3492000048804775452
3492000048804778010
3492000048804780639
3492000048804781283
3492000048804784234
3492000048804793928
3492000048804797973
3492000048804804928
3492000048804811416
3492000048804822773
3492000048804834092
3492000048804834875
3492000048804836191
3492000048804846699
3492000048804864387
3492000048804866995
3492000048804874757
3492000048804880038
3492000048804881379
3492000048804882135
3492000048804883436
3492000048804894706
3492000048804895292
3492000048804898513
3492000048804898929
3492000048804907610
3492000048804908623
3492000048804912506
3492000048804913140
3492000048804917546
3492000048804922110
3492000048804924300
3492000048804940652
3492000048804947833
3492000048804955283
3492000048804966051
3492000048804967179
3492000048804968526
3492000048804970968
3492000048804971666
3492000048804975019
3492000048804976147
3492000048804981995
3492000048804989626
3492000048804992246
3492000048804996346
3492000048804997240
3492000048804998962
3492000048804999970
3492000048805018684
3492000048805026559
3492000048805026896
3492000048805027804
3492000048805032109
3492000048805059169
3492000048805062746
3492000048805064822
3492000048805069048
3492000048805072665
3492000048805073585
3492000048805080948
3492000048805083287
3492000048805102724
3492000048805105845
3492000048805110040
3492000048805112283
3492000048805115013
3492000048805116842
3492000048805117814
3492000048805120394
3492000048805124032
3492000048805128906
3492000048805137761
3492000048805146276
3492000048805146916
3492000048805150731
3492000048805156181
3492000048805157699
3492000048805161216
3492000048805161982
3492000048805162677
3492000048805171566
3492000048805174930
3492000048805177471
3492000048805182346
3492000048805184119
3492000048805191810
3492000048805198575
3492000048805199999
3492000048805206126
3492000048805230486
3492000048805251571
3492000048805253907
3492000048805266462
3492000048805267275
3492000048805269192
3492000048805269818
3492000048805270831
3492000048805276091
3492000048805276581
3492000048805278640
3492000048805282677
3492000048805283264
3492000048805284404
3492000048805289864
3492000048805292866
3492000048805310701
3492000048805312113
3492000048805319163
3492000048805325346
3492000048805325815
3492000048805326483
3492000048805327543
3492000048805338475
3492000048805344982
3492000048805346111
3492000048805362062
3492000048805362951
3492000048805379307
3492000048805381190
3492000048805391861
3492000048805413885
3492000048805419729
3492000048805420604
3492000048805423077
3492000048805423400
3492000048805428243
3492000048805428699
3492000048805445210
3492000048805447500
3492000048805448269
3492000048805451368
3492000048805462560
3492000048805463246
3492000048805466588
3492000048805470470
3492000048805475795
3492000048805476609
3492000048805478341
3492000048805492431
3492000048805495551
3492000048805499892
3492000048805501258
3492000048805510001
3492000048805512369
3492000048805513333
3492000048805519947
3492000048805524237
3492000048805525196
3492000048805528343
3492000048805533005
3492000048805537121
3492000048805540988
3492000048805542537
3492000048805546476
3492000048805548896
3492000048805549330
3492000048805554718
3492000048805557218
3492000048805557723
3492000048805566667
3492000048805567429
3492000048805575709
3492000048805580610
3492000048805581859
3492000048805583526
3492000048805585974
3492000048805595624
3492000048805599871
3492000048805601098
3492000048805603190
3492000048805603491
3492000048805611170
3492000048805613120
3492000048805615250
3492000048805619407
3492000048805620513
3492000048805621803
3492000048805622569
3492000048805625843
3492000048805627057
3492000048805627849
3492000048805651465
3492000048805656691
3492000048805662902
3492000048805667469
3492000048805669044
3492000048805670126
3492000048805679075
3492000048805684219
3492000048805689994
3492000048805693251
3492000048805693871
3492000048805700311
3492000048805703387
3492000048805709101
3492000048805712915
3492000048805713442
3492000048805714909
3492000048805717773
3492000048805718503
3492000048805720716
3492000048805721514
3492000048805731232
3492000048805744320
3492000048805749556
3492000048805761006
3492000048805774427
3492000048805782350
3492000048805785123
3492000048805805296
3492000048805813383
3492000048805816770
3492000048805818545
3492000048805819116
3492000048805836245
3492000048805844832
3492000048805845519
3492000048805851793
3492000048805852762
3492000048805859795
3492000048805860368
3492000048805866024
3492000048805867652
3492000048805868377
3492000048805869189
3492000048805870086
3492000048805875252
3492000048805877586
3492000048805881235
3492000048805887515
3492000048805887850
3492000048805896728
3492000048805897368
3492000048805901804
3492000048805905554
3492000048805906118
3492000048805924090
3492000048805929596
3492000048805930474
3492000048805936092
3492000048805938073
3492000048805941250
3492000048805942617
3492000048805942935
3492000048805943380
3492000048805944453
3492000048805958736
3492000048805959795
3492000048805960352
3492000048805963009
3492000048805964049
3492000048805964758
3492000048805965585
3492000048805966161
3492000048805983196
3492000048805984689
3492000048805986472
3492000048805988420
3492000048805989015
3492000048805989548
3492000048806002020
3492000048806004652
3492000048806012180
3492000048806014064
3492000048806040145
3492000048806057428
3492000048806058094
3492000048806058594
3492000048806060661
3492000048806062538
3492000048806065326
3492000048806070556
3492000048806071235
3492000048806075003
3492000048806085329
3492000048806086296
3492000048806087646
3492000048806089096
3492000048806090721
3492000048806098581
3492000048806099023
3492000048806100619
3492000048806101882
3492000048806102858
3492000048806105440
3492000048806106198
3492000048806108233
3492000048806116745
3492000048806125459
3492000048806125929
3492000048806126911
3492000048806127819
3492000048806129126
3492000048806133016
3492000048806133486
3492000048806144823
3492000048806157732
3492000048806158338
3492000048806165466
3492000048806165825
3492000048806167615
3492000048806169269
3492000048806182481
3492000048806185285
3492000048806187492
3492000048806193823
3492000048806201572
3492000048806204655
3492000048806208805
3492000048806209454
3492000048806214054
3492000048806215671
3492000048806216613
3492000048806226687
3492000048806234366
3492000048806236802
3492000048806238236
3492000048806239982
3492000048806251138
3492000048806251894
3492000048806254208
3492000048806254374
3492000048806255074
3492000048806258039
3492000048806277893
3492000048806278719
3492000048806286595
3492000048806287176
3492000048806292595
3492000048806293437
3492000048806310194
3492000048806311768
3492000048806312331
3492000048806314109
3492000048806315907
3492000048806319225
3492000048806341314
3492000048806343671
3492000048806351194
3492000048806355484
3492000048806367111
3492000048806369149
3492000048806372141
3492000048806373338
3492000048806374218
3492000048806376172
3492000048806384372
3492000048806386704
3492000048806387194
3492000048806392284
3492000048806395989
3492000048806404147
3492000048806415235
3492000048806420695
3492000048806426995
3492000048806428171
3492000048806429201
3492000048806430214
3492000048806435859
3492000048806438137
3492000048806439382
3492000048806448998
3492000048806451164
3492000048806451741
3492000048806459529
3492000048806477325
3492000048806477876
3492000048806478861
3492000048806479642
3492000048806488288
3492000048806488917
3492000048806506281
3492000048806509526
3492000048806509866
3492000048806511266
3492000048806511790
3492000048806513819
3492000048806517650
3492000048806523424
3492000048806523843
3492000048806524465
3492000048806527704
3492000048806530940
3492000048806535838
3492000048806541314
3492000048806541651
3492000048806543040
3492000048806543422
3492000048806543784
3492000048806550418
3492000048806563206
3492000048806567231
3492000048806572100
3492000048806574817
3492000048806575003
3492000048806576121
3492000048806576458
3492000048806577665
3492000048806578857
3492000048806580033
3492000048806581355
3492000048806583175
3492000048806583846
3492000048806585711
3492000048806589062
3492000048806591780
3492000048806593964
3492000048806604184
3492000048806605346
3492000048806607354
3492000048806607558
3492000048806608194
3492000048806608809
3492000048806609095
3492000048806621298
3492000048806622175
3492000048806625333
3492000048806625779
3492000048806628140
3492000048806630181
3492000048806632558
3492000048806632791
3492000048806637553
3492000048806647722
3492000048806649676
3492000048806652451
3492000048806652691
3492000048806658014
3492000048806658951
3492000048806659242
3492000048806660953
3492000048806661257
3492000048806661974
3492000048806668293
3492000048806668404
3492000048806669381
3492000048806680755
3492000048806681456
3492000048806685050
3492000048806688065
3492000048806688538
3492000048806689150
3492000048806689940
3492000048806696644
3492000048806697472
3492000048806703874
3492000048806715706
3492000048806716620
3492000048806717823
3492000048806717991
3492000048806718224
3492000048806722885
3492000048806724218
3492000048806724768
3492000048806730758
3492000048806731454
3492000048806732154
3492000048806732867
3492000048806735150
3492000048806736498
3492000048806737619
3492000048806741098
3492000048806741410
3492000048806741726
3492000048806742512
3492000048806742994
3492000048806746631
3492000048806747061
3492000048806747982
3492000048806751263
3492000048806752523
3492000048806752963
3492000048806753639
3492000048806756805
3492000048806757015
3492000048806762562
3492000048806763405
3492000048806766326
3492000048806766979
3492000048806768996
3492000048806771313
3492000048806771931
3492000048806786405
3492000048806788914
3492000048806789350
3492000048806799087
3492000048806799521
3492000048806804068
3492000048806804482
3492000048806806540
3492000048806807712
3492000048806813227
3492000048806817002
3492000048806817422
3492000048806818647
3492000048806819491
3492000048806821395
3492000048806822665
3492000048806822983
3492000048806825280
3492000048806827304
3492000048806834900
3492000048806836873
3492000048806837746
3492000048806841788
3492000048806842780
3492000048806842938
3492000048806843446
3492000048806845200
3492000048806850576
3492000048806854526
3492000048806855519
3492000048806858496
3492000048806861710
3492000048806862406
3492000048806863661
3492000048806865159
3492000048806866227
3492000048806867028
3492000048806868279
3492000048806873035
3492000048806879096
3492000048806881729
3492000048806883291
3492000048806887097
3492000048806889973
3492000048806891137
3492000048806893564
3492000048806898824
3492000048806902621
3492000048806905454
3492000048806916400
3492000048806917407
3492000048806924035
3492000048806930251
3492000048806932544
3492000048806933362
3492000048806942537
3492000048806947824
3492000048806948185
3492000048806949994
3492000048806950512
3492000048806951683
3492000048806953587
3492000048806971381
3492000048806973679
3492000048806981308
3492000048806981754
3492000048806984533
3492000048806985796
3492000048806989201
3492000048806992967
3492000048806993048
3492000048806993968
3492000048806995821
3492000048806999944
3492000048807002905
3492000048807005344
3492000048807010331
3492000048807014481
3492000048807015300
3492000048807018493
3492000048807018874
3492000048807036819
3492000048807050779
3492000048807058077
3492000048807064105
3492000048807064710
3492000048807065409
3492000048807066864
3492000048807067800
3492000048807072545
3492000048807079675
3492000048807081610
3492000048807088527
3492000048807091429
3492000048807092553
3492000048807094555
3492000048807096977
3492000048807098815
3492000048807102338
3492000048807104044
3492000048807122323
3492000048807126887
3492000048807128813
3492000048807136652
3492000048807140038
3492000048807143898
3492000048807144779
3492000048807146244
3492000048807150572
3492000048807162841
3492000048807163031
3492000048807164831
3492000048807172062
3492000048807172447
3492000048807173812
3492000048807174178
3492000048807174535
3492000048807176889
3492000048807176989
3492000048807184782
3492000048807190214
3492000048807195959
3492000048807196843
3492000048807199153
3492000048807218098
3492000048807218926
3492000048807221801
3492000048807222242
3492000048807226444
3492000048807229822
3492000048807230350
3492000048807231079
3492000048807232759
3492000048807239101
3492000048807239267
3492000048807244545
3492000048807257605
3492000048807263441
3492000048807264189
3492000048807282867
3492000048807285134
3492000048807286182
3492000048807286925
3492000048807287891
3492000048807288132
3492000048807288384
3492000048807288503
3492000048807289335
3492000048807290088
3492000048807290799
3492000048807291858
3492000048807293295
3492000048807297054
3492000048807297916
3492000048807306137
3492000048807313704
3492000048807314594
3492000048807319433
3492000048807321078
3492000048807324172
3492000048807325398
3492000048807327172
3492000048807328365
3492000048807328976
3492000048807330230
3492000048807332985
3492000048807333901
3492000048807334266
3492000048807335229
3492000048807335769
3492000048807339146
3492000048807341728
3492000048807346511
3492000048807377560
3492000048807377880
3492000048807383275
3492000048807387238
3492000048807390372
3492000048807391224
3492000048807394646
3492000048807417779
3492000048807418984
3492000048807419598
3492000048807420435
3492000048807423284
3492000048807427689
3492000048807432160
3492000048807434346
3492000048807436435
3492000048807439518
3492000048807439756
3492000048807440045
3492000048807441224
3492000048807442249
3492000048807442584
3492000048807442904
3492000048807449477
3492000048807451300
3492000048807461190
3492000048807463366
3492000048807468071
3492000048807468929
3492000048807477493
3492000048807482596
3492000048807484296
3492000048807486860
3492000048807487377
3492000048807488012
3492000048807488534
3492000048807489342
3492000048807490211
3492000048807490590
3492000048807504274
3492000048807504760
3492000048807506460
3492000048807506927
3492000048807507969
3492000048807508075
3492000048807513230
3492000048807518000
3492000048807546570
3492000048807548681
3492000048807551514
3492000048807552864
3492000048807553728
3492000048807553852
3492000048807554711
3492000048807554771
3492000048807555061
3492000048807563848
3492000048807566917
3492000048807567682
3492000048807568200
3492000048807572870
3492000048807573701
3492000048807574273
3492000048807576109
3492000048807580181
3492000048807580352
3492000048807582101
3492000048807586724
3492000048807587406
3492000048807592484
3492000048807596838
3492000048807597184
3492000048807602136
3492000048807603217
3492000048807610339
3492000048807612469
3492000048807614628
3492000048807618461
3492000048807618814
3492000048807619301
3492000048807620936
3492000048807622983
3492000048807623273
3492000048807623862
3492000048807624503
3492000048807627530
3492000048807627736
3492000048807637733
3492000048807639440
3492000048807641163
3492000048807652202
3492000048807658174
3492000048807661922
3492000048807663009
3492000048807663408
3492000048807671237
3492000048807671719
3492000048807686476
3492000048807688041
3492000048807691796
3492000048807692100
3492000048807696480
3492000048807708815
3492000048807710331
3492000048807715385
3492000048807717090
3492000048807721230
3492000048807726356
3492000048807740103
3492000048807741048
3492000048807750089
3492000048807763833
3492000048807764100
3492000048807766290
3492000048807767811
3492000048807775544
3492000048807776106
3492000048807776666
3492000048807780993
3492000048807782073
3492000048807792503
3492000048807813630
3492000048807813749
3492000048807814097
3492000048807814247
3492000048807815545
3492000048807829664
3492000048807830414
3492000048807841592
3492000048807853612
3492000048807854151
3492000048807867132
3492000048807868605
3492000048807869843
3492000048807871479
3492000048807874455
3492000048807874881
3492000048807876463
3492000048807882033
3492000048807894022
3492000048807899396
3492000048807903222
3492000048807911406
3492000048807913026
3492000048807913572
3492000048807915642
3492000048807916108
3492000048807919583
3492000048807928667
3492000048807929141
3492000048807931016
3492000048807931891
3492000048807950726
3492000048807955168
3492000048807956955
3492000048807957634
3492000048807963571
3492000048807970893
3492000048807974693
3492000048807975577
3492000048807978105
3492000048807980270
3492000048807990241
3492000048807990345
3492000048807990525
3492000048807991000
3492000048807991213
3492000048807995665
3492000048808000012
3492000048808000407
3492000048808001352
3492000048808001620
3492000048808007154
3492000048808019258
3492000048808024018
3492000048808024748
3492000048808030327
3492000048808033323
3492000048808037502
3492000048808037736
3492000048808043415
3492000048808044851
3492000048808047508
3492000048808049150
3492000048808049589
3492000048808050645
3492000048808052625
3492000048808054395
3492000048808055401
3492000048808057853
3492000048808058023
3492000048808058223
3492000048808058702
3492000048808064554
3492000048808073182
3492000048808077585
3492000048808077862
3492000048808078478
3492000048808080036
3492000048808084125
3492000048808089327
3492000048808091607
3492000048808099981
3492000048808100519
3492000048808102673
3492000048808110391
3492000048808111602
3492000048808114894
3492000048808115875
3492000048808118418
3492000048808118922
3492000048808119191
3492000048808119904
3492000048808121291
3492000048808121887
3492000048808129882
3492000048808141596
3492000048808142140
3492000048808142843
3492000048808150654
3492000048808153194
3492000048808161282
3492000048808171713
3492000048808172213
3492000048808173213
3492000048808174026
3492000048808182624
3492000048808188563
3492000048808196392
3492000048808202455
3492000048808203338
3492000048808204147
3492000048808204525
3492000048808206032
3492000048808206355
3492000048808212670
3492000048808219447
3492000048808219672
3492000048808220038
3492000048808220810
3492000048808228568
3492000048808231253
3492000048808232546
3492000048808233781
3492000048808234795
3492000048808236846
3492000048808246783
3492000048808248044
3492000048808248707
3492000048808249818
3492000048808250890
3492000048808254035
3492000048808254909
3492000048808255375
3492000048808256336
3492000048808256637
3492000048808256988
3492000048808257127
3492000048808257597
3492000048808258813
3492000048808264233
3492000048808266030
3492000048808267133
3492000048808277880
3492000048808278640
3492000048808285562
3492000048808286827
3492000048808292569
3492000048808298434
3492000048808304000
3492000048808304228
3492000048808312717
3492000048808327994
3492000048808335116
3492000048808339418
3492000048808339958
3492000048808340072
3492000048808340438
3492000048808345184
3492000048808348190
3492000048808348672
3492000048808350764
3492000048808352766
3492000048808359283
3492000048808360645
3492000048808367342
3492000048808397283
3492000048808397495
3492000048808398020
3492000048808399289
3492000048808399785
3492000048808409804
3492000048808420613
3492000048808424142
3492000048808426249
3492000048808437125
3492000048808439859
3492000048808445964
3492000048808447364
3492000048808449780
3492000048808455025
3492000048808469113
3492000048808469503
3492000048808469980
3492000048808472339
3492000048808486633
3492000048808495232
3492000048808496525
3492000048808498546
3492000048808499369
3492000048808501734
3492000048808503982
3492000048808512943
3492000048808514058
3492000048808525720
3492000048808526116
3492000048808526277
3492000048808532364
3492000048808544423
3492000048808547003
3492000048808554068
3492000048808561845
3492000048808562380
3492000048808566629
3492000048808569751
3492000048808571211
3492000048808572331
3492000048808572526
3492000048808572913
3492000048808579072
3492000048808579528
3492000048808580664
3492000048808586095
3492000048808591873
3492000048808594263
3492000048808609254
3492000048808611473
3492000048808616132
3492000048808620981
3492000048808622934
3492000048808624952
3492000048808627543
3492000048808630706
3492000048808631820
3492000048808643545
3492000048808668524
3492000048808673310
3492000048808676783
3492000048808677353
3492000048808677763
3492000048808679326
3492000048808680294
3492000048808693961
3492000048808694167
3492000048808705078
3492000048808707363
3492000048808708255
3492000048808709135
3492000048808718590
3492000048808720432
3492000048808720817
3492000048808722719
3492000048808736361
3492000048808738770
3492000048808742186
3492000048808758440
3492000048808760131
3492000048808760881
3492000048808761432
3492000048808776485
3492000048808776999
3492000048808778556
3492000048808780211
3492000048808781649
3492000048808782113
3492000048808782448
3492000048808782911
3492000048808784192
3492000048808785236
3492000048808785515
3492000048808788259
3492000048808815416
3492000048808816672
3492000048808834547
3492000048808846188
3492000048808856830
3492000048808857715
3492000048808860261
3492000048808875608
3492000048808890872
3492000048808891200
3492000048808892239
3492000048808893019
3492000048808893646
3492000048808894554
3492000048808895127
3492000048808895473
3492000048808895953
3492000048808897992
3492000048808898327
3492000048808898472
3492000048808903039
3492000048808903558
3492000048808904053
3492000048808909868
3492000048808911250
3492000048808911905
3492000048808915987
3492000048808916405
3492000048808923087
3492000048808925780
3492000048808928556
3492000048808929146
3492000048808942117
3492000048808961540
3492000048808962493
3492000048808963365
3492000048808967624
3492000048808972499
3492000048808972992
3492000048808974179
3492000048808975920
3492000048808977835
3492000048808979239
3492000048809004440
3492000048809032781
3492000048809036044
3492000048809042347
3492000048809050606
3492000048809052723
3492000048809055590
3492000048809065211
3492000048809065573
3492000048809068765
3492000048809069431
3492000048809071833
3492000048809084407
3492000048809117894
3492000048809118138
3492000048809123380
3492000048809123981
3492000048809124453
3492000048809128071
3492000048809131465
3492000048809132916
3492000048809137301
3492000048809137916
3492000048809147425
3492000048809154445
3492000048809163646
3492000048809176410
3492000048809177789
3492000048809185354
3492000048809185651
3492000048809188139
3492000048809192189
3492000048809193072
3492000048809208125
3492000048809210747
3492000048809231150
3492000048809232747
3492000048809233741
3492000048809235279
3492000048809244772
3492000048809246749
3492000048809254290
3492000048809268062
3492000048809292895
3492000048809294190
3492000048809298210
3492000048809298525
3492000048809316860
3492000048809321058
3492000048809330431
3492000048809352053
3492000048809368336
3492000048809368710
3492000048809374961
3492000048809378134
3492000048809378842
3492000048809386276
3492000048809392499
3492000048809393195
3492000048809417881
3492000048809419752
3492000048809437868
3492000048809440360
3492000048809452892
3492000048809455944
3492000048809471351
3492000048809472667
3492000048809481285
3492000048809482290
3492000048809482429
3492000048809482690
3492000048809483961
3492000048809484360
3492000048809484548
3492000048809485878
3492000048809486082
3492000048809509523
3492000048809522852
3492000048809528448
3492000048809528716
3492000048809539691
3492000048809540555
3492000048809541180
3492000048809542427
3492000048809575460
3492000048809577200
3492000048809582218
3492000048809602656
3492000048809608102
3492000048809608680
3492000048809609372
3492000048809610968
3492000048809611253
3492000048809611480
3492000048809644250
3492000048809645916
3492000048809651003
3492000048809652463
3492000048809653946
3492000048809662182
3492000048809662551
3492000048809663368
3492000048809674394
3492000048809677651
3492000048809685062
3492000048809689528
3492000048809691540
3492000048809692000
3492000048809692238
3492000048809692810
3492000048809693243
3492000048809693610
3492000048809699615
3492000048809700120
3492000048809711983
3492000048809712894
3492000048809728375
3492000048809730025
3492000048809730913
3492000048809732061
3492000048809737607
3492000048809739795
3492000048809740456
3492000048809757813
3492000048809762759
3492000048809762929
3492000048809764785
3492000048809766437
3492000048809773467
3492000048809784994
3492000048809793437
3492000048809799806
3492000048809800936
3492000048809801907
3492000048809804138
3492000048809805220
3492000048809823228
3492000048809825377
3492000048809831936
3492000048809833173
3492000048809856151
3492000048809891458
3492000048809893470
3492000048809906905
3492000048809911282
3492000048809916231
3492000048809928620
3492000048809944374
3492000048809965417
3492000048809965921
3492000048809968277
3492000048809993497
3492000048809997192
3492000048810006368
3492000048810025711
3492000048810048075
3492000048810078719
3492000048810091253
3492000048810117101
3492000048810153909
3492000048810162953
3492000048810169087
3492000048810208792
3492000048810224003
3492000048810225847
3492000048810229722
3492000048810233199
3492000048810252462
3492000048810257920
3492000048810262623
3492000048810293771
3492000048810305718
3492000048810322123
3492000048810342896
3492000048810347780
3492000048810348442
3492000048810376544
3492000048810424380
3492000048810425091
3492000048810469947
3492000048810477408
3492000048810523575
3492000048810528763
3492000048810533714
3492000048810534102
3492000048810547830
3492000048810624379
3492000048810634586
3492000048810644988
3492000048810681686
3492000048810696518
3492000048810703172
3492000048810721517
3492000048810722991
3492000048810738361
3492000048810767437
3492000048810775254
3492000048810797977
3492000048810814532
3492000048810834545
3492000048810845712
3492000048810883929
3492000048810886442
3492000048810901916
3492000048810914906
3492000048810915631
3492000048810934038
3492000048810936209
3492000048810936852
3492000048810949145
3492000048810953644
3492000048810963525
3492000048810965152
3492000048810977890
3492000048810978247
3492000048810981188
3492000048810984140
3492000048810991066
3492000048811026536
3492000048811028652
3492000048811037100
3492000048811039662
3492000048811045377
3492000048811079038
3492000048811115434
3492000048811142852
3492000048811161716
3492000048811163907
3492000048811170383
3492000048811171418
3492000048811221344
3492000048811224680
3492000048811244446
3492000048811248008
3492000048811253677
3492000048811254538
3492000048811254976
3492000048811255261
3492000048811262091
3492000048811265416
3492000048811279425
3492000048811281316
3492000048811288376
3492000048811289135
3492000048811299499
3492000048811309150
3492000048811309568
3492000048811310023
3492000048811311061
3492000048811324187
3492000048811352167
3492000048811354607
3492000048811355505
3492000048811360747
3492000048811366357
3492000048811367413
3492000048811381657
3492000048811386022
3492000048811386265
3492000048811398842
3492000048811400523
3492000048811401845
3492000048811404286
3492000048811405500
3492000048811443389
3492000048811459587
3492000048811477464
3492000048811483422
3492000048811498876
3492000048811513002
3492000048811517717
3492000048811528306
3492000048811528676
3492000048811540454
3492000048811543230
3492000048811543247
3492000048811543264
3492000048811561379
3492000048811565839
3492000048811566138
3492000048811566524
3492000048811567194
3492000048811567554
3492000048811569612
3492000048811571131
3492000048811595052
3492000048811595391
3492000048811606666
3492000048811607681
3492000048811618092
3492000048811629918
3492000048811636982
3492000048811639260
3492000048811678679
3492000048811680657
3492000048811692453
3492000048811712063
3492000048811716553
3492000048811738032
3492000048811772155
3492000048811775524
3492000048811776770
3492000048811788122
3492000048811798673
3492000048811801916
3492000048811822984
3492000048811835901
3492000048811844870
3492000048811853842
3492000048811867035
3492000048811884907
3492000048811907871
3492000048811908586
3492000048811963732
3492000048811964452
3492000048811965232
3492000048811967303
3492000048811976503
3492000048811977303
3492000048811994962
3492000048812023943
3492000048812028052
3492000048812059311
3492000048812061214
3492000048812079722
3492000048812082934
3492000048812114859
3492000048812123720
3492000048812137776
3492000048812139910
3492000048812161890
3492000048812164373
3492000048812208018
3492000048812208366
3492000048812212476
3492000048812224675
3492000048812226364
3492000048812243264
3492000048812275316
3492000048812278546
3492000048812279592
3492000048812282092
3492000048812283259
3492000048812283741
3492000048812285833
3492000048812286766
3492000048812309596
3492000048812310921
3492000048812328892
3492000048812331176
3492000048812333325
3492000048812333496
3492000048812333909
3492000048812334865
3492000048812345159
3492000048812352628
3492000048812377968
3492000048812381513
3492000048812404108
3492000048812404757
3492000048812406239
3492000048812409261
3492000048812411265
3492000048812424699
3492000048812429840
3492000048812438209
3492000048812438485
3492000048812454218
3492000048812461617
3492000048812463776
3492000048812466911
3492000048812474194
3492000048812481430
3492000048812515682
3492000048812517317
3492000048812525405
3492000048812528399
3492000048812545267
3492000048812546241
3492000048812549888
3492000048812550654
3492000048812579475
3492000048812592400
3492000048812594910
3492000048812596183
3492000048812601209
3492000048812611715
3492000048812625548
3492000048812630018
3492000048812648498
3492000048812669331
3492000048812693392
3492000048812711150
3492000048812711843
3492000048812715032
3492000048812757329
3492000048812757866
3492000048812758204
3492000048812759603
3492000048812779360
3492000048812789420
3492000048812789820
3492000048812827336
3492000048812855946
3492000048812873065
3492000048812877468
3492000048812879827
3492000048812894831
3492000048812904858
3492000048812906653
3492000048812907820
3492000048812908021
3492000048812926636
3492000048812926644
3492000048812949110
3492000048812949188
3492000048812949534
3492000048812960373
3492000048813010041
3492000048813011576
3492000048813015824
3492000048813034254
3492000048813047402
3492000048813049632
3492000048813084647
3492000048813095089
3492000048813099248
3492000048813103071
3492000048813113918
3492000048813114357
3492000048813117573
3492000048813126003
3492000048813126756
3492000048813127584
3492000048813127728
3492000048813140298
3492000048813156879
3492000048813158394
3492000048813163276
3492000048813164851
3492000048813165385
3492000048813185119
3492000048813192963
3492000048813195923
3492000048813198354
3492000048813249535
3492000048813249962
3492000048813275302
3492000048813317729
3492000048813322840
3492000048813323326
3492000048813323612
3492000048813324713
3492000048813325303
3492000048813325682
3492000048813326437
3492000048813327573
3492000048813332939
3492000048813335117
3492000048813340810
3492000048813341944
3492000048813342989
3492000048813348229
3492000048813349040
3492000048813350906
3492000048813369313
3492000048813378448
3492000048813387226
3492000048813392955
3492000048813395676
3492000048813397420
3492000048813406054
3492000048813419761
3492000048813442141
3492000048813444422
3492000048813445545
3492000048813445723
3492000048813458917
3492000048813466387
3492000048813507086
3492000048813508605
3492000048813509144
3492000048813510068
3492000048813519690
3492000048813539594
3492000048813540018
3492000048813573800
3492000048813597325
3492000048813613452
3492000048813635843
3492000048813654941
3492000048813661194
3492000048813667586
3492000048813707727
3492000048813770118
3492000048813771879
3492000048813784472
3492000048813792002
3492000048813795265
3492000048813796769
3492000048813819240
3492000048813820631
3492000048813825494
3492000048813904487
3492000048813945133
3492000048813947841
3492000048813947958
3492000048813950390
3492000048813989815
3492000048813990831
3492000048814011423
3492000048814017897
3492000048814024907
3492000048814028922
3492000048814033791
3492000048814034373
3492000048814050496
3492000048814053897
3492000048814084836
3492000048814099271
3492000048814125482
3492000048814131872
3492000048814142648
3492000048814167389
3492000048814171450
3492000048814243126
3492000048814245894
3492000048814266406
3492000048814292403
3492000048814322376
3492000048814324135
3492000048814348509
3492000048814348694
3492000048814350020
3492000048814350277
3492000048814360380
3492000048814372550
3492000048814380340
3492000048814380505
3492000048814381424
3492000048814382116
3492000048814382737
3492000048814383863
3492000048814384275
3492000048814391723
3492000048814393664
3492000048814399465
3492000048814420102
3492000048814433652
3492000048814439065
3492000048814439401
3492000048814439782
3492000048814440246
3492000048814441319
3492000048814441634
3492000048814441955
3492000048814442120
3492000048814442583
3492000048814442737
3492000048814443354
3492000048814453430
3492000048814454257
3492000048814467222
3492000048814480300
3492000048814481525
3492000048814486341
3492000048814488239
3492000048814488519
3492000048814500808
3492000048814501059
3492000048814502900
3492000048814506848
3492000048814507439
3492000048814508092
3492000048814508738
3492000048814509230
3492000048814512440
3492000048814522658
3492000048814528915
3492000048814529704
3492000048814535932
3492000048814536387
3492000048814536850
3492000048814541197
3492000048814556056
3492000048814557115
3492000048814564536
3492000048814565174
3492000048814575060
3492000048814575423
3492000048814579977
3492000048814587106
3492000048814587645
3492000048814589489
3492000048814592213
3492000048814597781
3492000048814611648
3492000048814614416
3492000048814616538
3492000048814620361
3492000048814620541
3492000048814621572
3492000048814628036
3492000048814628229
3492000048814628484
3492000048814641309
3492000048814648919
3492000048814649477
3492000048814651908
3492000048814652580
3492000048814666973
3492000048814675489
3492000048814682619
3492000048814683621
3492000048814684849
3492000048814698536
3492000048814708285
3492000048814718142
3492000048814718356
3492000048814748013
3492000048814748451
3492000048814750754
3492000048814751586
3492000048814758491
3492000048814758970
3492000048814760361
3492000048814760689
3492000048814761684
3492000048814763747
3492000048814764158
3492000048814769050
3492000048814770752
3492000048814779297
3492000048814785461
3492000048814787692
3492000048814787851
3492000048814788614
3492000048814793873
3492000048814794304
3492000048814794860
3492000048814806542
3492000048814807822
3492000048814813142
3492000048814814697
3492000048814815274
3492000048814816281
3492000048814830999
3492000048814832132
3492000048814836247
3492000048814836889
3492000048814851561
3492000048814857239
3492000048814857597
3492000048814857917
3492000048814859420
3492000048814864571
3492000048814872466
3492000048814876514
3492000048814885078
3492000048814894323
3492000048814903203
3492000048814916428
3492000048814917719
3492000048814917848
3492000048814918652
3492000048814925786
3492000048814946696
3492000048814946945
3492000048814951586
3492000048814952174
3492000048814975083
3492000048814983712
3492000048814986887
3492000048815001211
3492000048815006664
3492000048815008526
3492000048815012804
3492000048815016556
3492000048815020410
3492000048815021720
3492000048815033540
3492000048815034198
3492000048815066516
3492000048815067004
3492000048815067693
3492000048815068203
3492000048815069481
3492000048815069811
3492000048815070977
3492000048815077694
3492000048815085460
3492000048815129061
3492000048815139548
3492000048815139967
3492000048815141117
3492000048815173875
3492000048815174403
3492000048815183896
3492000048815187460
3492000048815194516
3492000048815225441
3492000048815231991
3492000048815232064
3492000048815232317
3492000048815232565
3492000048815232926
3492000048815237288
3492000048815246955
3492000048815250459
3492000048815266731
3492000048815321691
3492000048815327592
3492000048815367602
3492000048815369552
3492000048815404720
3492000048815423675
3492000048815440978
3492000048815445733
3492000048815452272
3492000048815488059
3492000048815508576
3492000048815516009
3492000048815523949
3492000048815526337
3492000048815532086
3492000048815539455
3492000048815541081
3492000048815553167
3492000048815562900
3492000048815564223
3492000048815618635
3492000048815621895
3492000048815622514
3492000048815623560
3492000048815633048
3492000048815670200
3492000048815675445
3492000048815687944
3492000048815693896
3492000048815700298
3492000048815712311
3492000048815722412
3492000048815723664
3492000048815725087
3492000048815758124
3492000048815775309
3492000048815777312
3492000048815785675
3492000048815788765
3492000048815801029
3492000048815801241
3492000048815801720
3492000048815823487
3492000048815825111
3492000048815825407
3492000048815829795
3492000048815833423
3492000048815861248
3492000048815864275
3492000048815866317
3492000048815869377
3492000048815877794
3492000048815880994
3492000048815881056
3492000048815881638
3492000048815881867
3492000048815888067
3492000048815894631
3492000048815895717
3492000048815898243
3492000048815902834
3492000048815905077
3492000048815913343
3492000048815914036
3492000048815914593
3492000048815918139
3492000048815919565
3492000048815924712
3492000048815925148
3492000048815925412
3492000048815935432
3492000048815937341
3492000048815939249
3492000048815939661
3492000048815940655
3492000048815941312
3492000048815955044
3492000048815960875
3492000048815981434
3492000048816010611
3492000048816013120
3492000048816019591
3492000048816020133
3492000048816020355
3492000048816021668
3492000048816021934
3492000048816024160
3492000048816025668
3492000048816026007
3492000048816038411
3492000048816045978
3492000048816054100
3492000048816054556
3492000048816054832
3492000048816055304
3492000048816055815
3492000048816062126
3492000048816065208
3492000048816074898
3492000048816075540
3492000048816077177
3492000048816080736
3492000048816082330
3492000048816083621
3492000048816091877
3492000048816094273
3492000048816112007
3492000048816126792
3492000048816128020
3492000048816129536
3492000048816130023
3492000048816130542
3492000048816132904
3492000048816135495
3492000048816150636
3492000048816151325
3492000048816156465
3492000048816158579
3492000048816164992
3492000048816165321
3492000048816181468
3492000048816195417
3492000048816195587
3492000048816195929
3492000048816198026
3492000048816205262
3492000048816206604
3492000048816207322
3492000048816207948
3492000048816221697
3492000048816223098
3492000048816225807
3492000048816227623
3492000048816252191
3492000048816272554
3492000048816277860
3492000048816281129
3492000048816298301
3492000048816300338
3492000048816300653
3492000048816305768
3492000048816317258
3492000048816323235
3492000048816353981
3492000048816361689
3492000048816389437
3492000048816416333
3492000048816492360
3492000048816498442
3492000048816499024
3492000048816508681
3492000048816514867
3492000048816531480
3492000048816576662
3492000048816633524
3492000048816646556
3492000048816656576
3492000048816734366
3492000048817107480
3492000048817352267
3492000048817631123
