3492000048797233778
3492000048797871848
3492000048797871932
3492000048797872222
3492000048798222043
3492000048799141398
3492000048799142823
3492000048799143138
3492000048799188475
3492000048799189393
3492000048799311124
3492000048799311421
3492000048799311655
3492000048799354540
3492000048799354708
3492000048799354874
3492000048799356264
3492000048799384356
3492000048799384734
3492000048799384960
3492000048799386485
3492000048799387268
3492000048799387833
3492000048799486529
3492000048799486721
3492000048799486914
3492000048799518118
3492000048799518569
3492000048799519504
3492000048799519710
3492000048799520028
3492000048799583004
3492000048799584898
3492000048799710447
3492000048799710760
3492000048799711179
3492000048799787641
3492000048799789714
3492000048799795896
3492000048799876241
3492000048799876487
3492000048799877011
3492000048799877249
3492000048799964484
3492000048799965030
3492000048799965354
3492000048799965662
3492000048799965844
3492000048800071194
3492000048800071738
3492000048800072018
3492000048800073039
3492000048800074692
3492000048800077864
3492000048800274367
3492000048800276403
3492000048800325184
3492000048800348685
3492000048800349050
3492000048800349423
3492000048800437247
3492000048800438570
3492000048800439340
3492000048800439627
3492000048800444012
3492000048800496140
3492000048800496483
3492000048800507985
3492000048800508531
3492000048800508645
3492000048800525645
3492000048800531357
3492000048800532212
3492000048800533018
3492000048800533528
3492000048800534072
3492000048800534570
3492000048800569285
3492000048800572479
3492000048800623374
3492000048800651726
3492000048800652817
3492000048800653902
3492000048800702759
3492000048800703178
3492000048800705030
3492000048800788827
3492000048800789403
3492000048800790352
3492000048800791396
3492000048800911750
3492000048800916959
3492000048800919800
3492000048800953234
3492000048801049573
3492000048801055747
3492000048801057763
3492000048801058024
3492000048801077819
3492000048801079078
3492000048801096631
3492000048801096889
3492000048801166465
3492000048801167461
3492000048801171121
3492000048801171994
3492000048801173359
3492000048801174065
3492000048801177653
3492000048801218404
3492000048801236408
3492000048801237071
3492000048801238161
3492000048801245977
3492000048801246069
3492000048801247021
3492000048801312060
3492000048801314537
3492000048801315287
3492000048801315714
3492000048801334154
3492000048801335288
3492000048801336249
3492000048801337226
3492000048801347177
3492000048801364054
3492000048801375001
3492000048801384536
3492000048801386134
3492000048801387047
3492000048801428029
3492000048801428552
3492000048801430697
3492000048801442864
3492000048801443036
3492000048801444179
3492000048801465867
3492000048801466114
3492000048801466233
3492000048801466443
3492000048801504518
3492000048801505047
3492000048801514718
3492000048801514810
3492000048801514902
3492000048801514994
3492000048801515086
3492000048801516902
3492000048801524023
3492000048801529193
3492000048801529297
3492000048801529416
3492000048801530507
3492000048801530634
3492000048801530853
3492000048801545016
3492000048801558667
3492000048801558765
3492000048801559309
3492000048801560079
3492000048801560771
3492000048801595711
3492000048801596375
3492000048801596473
3492000048801597448
3492000048801597566
3492000048801597664
3492000048801597762
3492000048801598037
3492000048801598926
3492000048801599263
3492000048801642759
3492000048801644542
3492000048801647144
3492000048801648125
3492000048801649225
3492000048801651580
3492000048801651672
3492000048801651764
3492000048801685418
3492000048801704689
3492000048801704787
3492000048801706372
3492000048801708519
3492000048801709105
3492000048801709389
3492000048801710795
3492000048801745423
3492000048801824241
3492000048801826188
3492000048801849257
3492000048801852951
3492000048801853448
3492000048801856428
3492000048801856760
3492000048802023885
3492000048802025592
3492000048802038395
3492000048802042876
3492000048802044026
3492000048802046212
3492000048802046529
3492000048802046810
3492000048802052775
3492000048802053277
3492000048802053858
3492000048802080813
3492000048802081966
3492000048802084082
3492000048802109851
3492000048802128193
3492000048802129011
3492000048802130565
3492000048802131157
3492000048802148229
3492000048802152187
3492000048802153509
3492000048802155052
3492000048802157370
3492000048802175293
3492000048802179983
3492000048802181254
3492000048802182564
3492000048802183519
3492000048802222612
3492000048802232112
3492000048802232933
3492000048802236179
3492000048802245026
3492000048802246005
3492000048802247989
3492000048802252576
3492000048802253951
3492000048802254652
3492000048802255700
3492000048802257126
3492000048802257468
3492000048802258035
3492000048802258456
3492000048802258774
3492000048802277563
3492000048802292431
3492000048802294458
3492000048802304429
3492000048802305036
3492000048802305862
3492000048802306999
3492000048802308025
3492000048802317450
3492000048802319892
3492000048802320897
3492000048802333583
3492000048802347529
3492000048802348057
3492000048802364899
3492000048802366172
3492000048802366595
3492000048802366791
3492000048802367825
3492000048802377567
3492000048802380172
3492000048802384862
3492000048802387497
3492000048802388349
3492000048802388724
3492000048802389567
3492000048802399301
3492000048802402884
3492000048802405726
3492000048802406783
3492000048802424898
3492000048802426508
3492000048802427395
3492000048802427992
3492000048802459812
3492000048802461777
3492000048802466757
3492000048802472980
3492000048802473428
3492000048802475425
3492000048802475965
3492000048802476569
3492000048802477132
3492000048802478380
3492000048802480636
3492000048802480923
3492000048802481454
3492000048802496222
3492000048802566972
3492000048802582953
3492000048802583240
3492000048802584654
3492000048802585436
3492000048802586169
3492000048802600301
3492000048802603940
3492000048802605400
3492000048802630878
3492000048802631734
3492000048802632704
3492000048802633415
3492000048802649520
3492000048802650221
3492000048802651185
3492000048802656758
3492000048802656948
3492000048802657050
3492000048802657158
3492000048802657266
3492000048802659523
3492000048802660059
3492000048802673806
3492000048802674488
3492000048802712512
3492000048802715668
3492000048802719416
3492000048802720821
3492000048802723636
3492000048802730341
3492000048802730848
3492000048802731408
3492000048802732007
3492000048802732771
3492000048802733312
3492000048802733557
3492000048802736900
3492000048802751489
3492000048802753220
3492000048802754567
3492000048802763956
3492000048802765374
3492000048802766030
3492000048802766567
3492000048802767109
3492000048802815176
3492000048802824062
3492000048802824481
3492000048802824733
3492000048802825373
3492000048802826213
3492000048802826950
3492000048802862679
3492000048802862950
3492000048802863621
3492000048802864352
3492000048802865622
3492000048802870641
3492000048802879301
3492000048802884004
3492000048802884965
3492000048802885793
3492000048802886625
3492000048802887253
3492000048802897324
3492000048802904788
3492000048802907510
3492000048802948033
3492000048802948341
3492000048802948919
3492000048802949457
3492000048802950207
3492000048802951372
3492000048802952024
3492000048802960803
3492000048802961195
3492000048802962621
3492000048802963864
3492000048802964462
3492000048802983949
3492000048802994939
3492000048803012807
3492000048803014062
3492000048803015781
3492000048803021346
3492000048803022005
3492000048803022479
3492000048803023609
3492000048803027644
3492000048803028380
3492000048803029344
3492000048803044986
3492000048803045572
3492000048803046187
3492000048803064775
3492000048803065412
3492000048803065946
3492000048803066868
3492000048803067283
3492000048803067632
3492000048803075554
3492000048803076594
3492000048803086795
3492000048803087543
3492000048803111137
3492000048803111575
3492000048803112400
3492000048803112910
3492000048803113278
3492000048803113995
3492000048803114452
3492000048803114856
3492000048803116434
3492000048803116933
3492000048803117712
3492000048803119274
3492000048803142216
3492000048803142473
3492000048803158527
3492000048803159607
3492000048803215753
3492000048803216140
3492000048803216614
3492000048803217036
3492000048803217609
3492000048803217959
3492000048803252083
3492000048803274715
3492000048803275350
3492000048803275948
3492000048803276848
3492000048803277381
3492000048803277968
3492000048803278538
3492000048803279003
3492000048803279505
3492000048803280011
3492000048803280757
3492000048803281371
3492000048803282835
3492000048803286034
3492000048803286616
3492000048803287009
3492000048803304821
3492000048803305666
3492000048803306494
3492000048803307143
3492000048803307533
3492000048803308321
3492000048803320825
3492000048803321340
3492000048803351900
3492000048803352381
3492000048803352885
3492000048803353213
3492000048803353557
3492000048803354139
3492000048803361016
3492000048803363289
3492000048803363818
3492000048803370021
3492000048803370674
3492000048803371597
3492000048803372952
3492000048803394811
3492000048803395803
3492000048803396068
3492000048803396720
3492000048803397346
3492000048803398016
3492000048803399383
3492000048803400281
3492000048803401054
3492000048803401530
3492000048803402326
3492000048803403664
3492000048803404208
3492000048803404937
3492000048803429743
3492000048803430297
3492000048803430996
3492000048803432111
3492000048803432910
3492000048803438733
3492000048803439649
3492000048803446516
3492000048803447079
3492000048803447705
3492000048803448047
3492000048803448375
3492000048803449825
3492000048803450020
3492000048803455121
3492000048803502264
3492000048803503663
3492000048803504345
3492000048803505024
3492000048803505569
3492000048803514864
3492000048803515405
3492000048803516512
3492000048803517061
3492000048803517343
3492000048803517835
3492000048803518357
3492000048803520378
3492000048803522846
3492000048803527331
3492000048803549256
3492000048803570347
3492000048803579278
3492000048803579717
3492000048803580696
3492000048803581141
3492000048803583028
3492000048803588583
3492000048803589007
3492000048803589543
3492000048803591484
3492000048803620368
3492000048803621827
3492000048803622199
3492000048803622622
3492000048803623336
3492000048803624031
3492000048803624667
3492000048803625523
3492000048803626129
3492000048803632349
3492000048803632735
3492000048803633466
3492000048803634642
3492000048803637401
3492000048803638859
3492000048803639408
3492000048803640119
3492000048803640872
3492000048803641513
3492000048803641827
3492000048803642459
3492000048803656852
3492000048803657552
3492000048803658093
3492000048803658469
3492000048803658811
3492000048803661794
3492000048803662536
3492000048803665270
3492000048803666109
3492000048803666735
3492000048803667193
3492000048803668123
3492000048803669153
3492000048803670015
3492000048803670849
3492000048803672669
3492000048803687906
3492000048803700603
3492000048803701676
3492000048803704973
3492000048803705924
3492000048803707344
3492000048803713663
3492000048803714045
3492000048803716276
3492000048803717570
3492000048803723122
3492000048803723529
3492000048803724039
3492000048803724768
3492000048803738356
3492000048803738959
3492000048803739618
3492000048803740145
3492000048803741152
3492000048803741676
3492000048803742064
3492000048803751822
3492000048803752494
3492000048803757718
3492000048803758227
3492000048803758422
3492000048803759432
3492000048803764360
3492000048803767951
3492000048803772576
3492000048803773513
3492000048803774912
3492000048803775663
3492000048803776319
3492000048803790528
3492000048803792050
3492000048803792415
3492000048803792746
3492000048803793200
3492000048803793637
3492000048803801204
3492000048803802186
3492000048803802596
3492000048803803378
3492000048803804003
3492000048803804884
3492000048803811567
3492000048803823505
3492000048803824057
3492000048803824461
3492000048803825606
3492000048803826845
3492000048803827564
3492000048803837295
3492000048803837610
3492000048803841890
3492000048803842736
3492000048803843288
3492000048803844215
3492000048803845174
3492000048803847040
3492000048803847872
3492000048803848588
3492000048803854113
3492000048803854704
3492000048803855076
3492000048803858129
3492000048803863961
3492000048803864621
3492000048803865532
3492000048803866288
3492000048803883005
3492000048803884299
3492000048803886213
3492000048803896944
3492000048803897439
3492000048803897995
3492000048803898717
3492000048803899283
3492000048803899816
3492000048803900248
3492000048803900779
3492000048803905661
3492000048803905912
3492000048803906560
3492000048803927983
3492000048803928600
3492000048803929215
3492000048803929802
3492000048803930434
3492000048803931237
3492000048803936374
3492000048803936725
3492000048803937090
3492000048803945158
3492000048803945492
3492000048803946256
3492000048803947603
3492000048803952804
3492000048803952912
3492000048803954058
3492000048803954657
3492000048803955219
3492000048803956275
3492000048803957432
3492000048803957898
3492000048803958574
3492000048803959041
3492000048803959562
3492000048803960128
3492000048803960720
3492000048803961600
3492000048803965073
3492000048803970358
3492000048803970860
3492000048803972610
3492000048803973069
3492000048803973545
3492000048803983480
3492000048803985852
3492000048803986391
3492000048803986987
3492000048804004432
3492000048804005962
3492000048804008158
3492000048804008990
3492000048804009674
3492000048804010528
3492000048804011217
3492000048804012123
3492000048804012622
3492000048804013531
3492000048804013991
3492000048804014796
3492000048804015328
3492000048804015886
3492000048804039857
3492000048804040817
3492000048804041479
3492000048804041964
3492000048804043450
3492000048804045357
3492000048804046553
3492000048804047323
3492000048804048013
3492000048804049317
3492000048804049806
3492000048804050242
3492000048804050955
3492000048804051437
3492000048804051479
3492000048804052357
3492000048804053365
3492000048804054195
3492000048804054666
3492000048804066451
3492000048804073519
3492000048804074712
3492000048804077446
3492000048804077869
3492000048804078624
3492000048804079673
3492000048804080111
3492000048804080587
3492000048804081374
3492000048804086312
3492000048804086735
3492000048804087092
3492000048804087635
3492000048804088170
3492000048804088535
3492000048804094461
3492000048804094810
3492000048804095471
3492000048804095886
3492000048804096353
3492000048804096962
3492000048804116328
3492000048804116767
3492000048804117331
3492000048804117786
3492000048804118464
3492000048804119767
3492000048804124676
3492000048804126203
3492000048804129290
3492000048804130266
3492000048804132364
3492000048804132920
3492000048804133499
3492000048804134415
3492000048804134517
3492000048804135454
3492000048804136056
3492000048804136593
3492000048804137076
3492000048804159255
3492000048804160232
3492000048804161484
3492000048804162254
3492000048804163627
3492000048804175910
3492000048804190737
3492000048804191668
3492000048804192613
3492000048804199947
3492000048804201156
3492000048804206070
3492000048804206864
3492000048804207796
3492000048804209232
3492000048804209459
3492000048804209924
3492000048804223487
3492000048804224292
3492000048804224836
3492000048804225525
3492000048804226476
3492000048804227149
3492000048804227775
3492000048804228179
3492000048804228855
3492000048804229315
3492000048804229908
3492000048804230497
3492000048804231327
3492000048804249778
3492000048804250714
3492000048804253704
3492000048804253812
3492000048804255025
3492000048804256161
3492000048804257109
3492000048804257527
3492000048804266744
3492000048804274156
3492000048804274883
3492000048804275826
3492000048804276436
3492000048804276898
3492000048804277572
3492000048804278008
3492000048804278683
3492000048804279278
3492000048804279809
3492000048804280147
3492000048804280728
3492000048804281348
3492000048804282175
3492000048804283119
3492000048804283577
3492000048804284196
3492000048804284890
3492000048804285463
3492000048804286324
3492000048804287101
3492000048804287581
3492000048804300088
3492000048804313806
3492000048804314328
3492000048804314728
3492000048804315472
3492000048804315988
3492000048804316511
3492000048804317025
3492000048804317426
3492000048804319792
3492000048804324002
3492000048804324409
3492000048804324796
3492000048804325147
3492000048804325357
3492000048804325979
3492000048804331365
3492000048804331860
3492000048804332796
3492000048804333234
3492000048804333424
3492000048804334167
3492000048804334717
3492000048804336238
3492000048804352337
3492000048804353217
3492000048804353969
3492000048804354880
3492000048804355611
3492000048804358048
3492000048804362415
3492000048804363449
3492000048804364735
3492000048804373598
3492000048804374255
3492000048804374676
3492000048804375234
3492000048804376142
3492000048804376808
3492000048804386015
3492000048804395488
3492000048804396159
3492000048804397037
3492000048804398234
3492000048804399112
3492000048804408393
3492000048804409054
3492000048804409821
3492000048804410384
3492000048804411139
3492000048804412048
3492000048804412375
3492000048804412743
3492000048804413330
3492000048804414877
3492000048804415695
3492000048804416205
3492000048804417040
3492000048804417792
3492000048804418242
3492000048804418554
3492000048804421018
3492000048804422468
3492000048804423662
3492000048804424448
3492000048804433900
3492000048804434512
3492000048804434918
3492000048804435373
3492000048804435806
3492000048804439086
3492000048804440098
3492000048804441576
3492000048804442124
3492000048804442732
3492000048804443454
3492000048804443929
3492000048804444491
3492000048804445205
3492000048804445842
3492000048804446232
3492000048804451370
3492000048804463776
3492000048804465171
3492000048804466867
3492000048804467390
3492000048804476921
3492000048804477596
3492000048804478247
3492000048804478825
3492000048804479751
3492000048804480691
3492000048804480839
3492000048804489251
3492000048804503076
3492000048804503315
3492000048804504313
3492000048804507613
3492000048804507840
3492000048804509233
3492000048804510303
3492000048804515655
3492000048804516456
3492000048804517528
3492000048804517903
3492000048804518491
3492000048804518998
3492000048804519472
3492000048804521056
3492000048804521879
3492000048804522776
3492000048804526312
3492000048804528796
3492000048804529912
3492000048804530957
3492000048804531323
3492000048804532095
3492000048804540813
3492000048804543388
3492000048804544014
3492000048804544880
3492000048804554156
3492000048804554963
3492000048804555713
3492000048804562638
3492000048804562971
3492000048804563843
3492000048804566906
3492000048804567464
3492000048804568361
3492000048804568735
3492000048804569257
3492000048804569615
3492000048804570388
3492000048804570975
3492000048804589783
3492000048804589969
3492000048804593639
3492000048804594429
3492000048804594990
3492000048804595330
3492000048804595735
3492000048804596309
3492000048804596664
3492000048804608624
3492000048804609174
3492000048804616572
3492000048804631234
3492000048804632186
3492000048804632487
3492000048804632644
3492000048804633264
3492000048804633635
3492000048804634246
3492000048804634579
3492000048804634994
3492000048804638032
3492000048804652344
3492000048804658685
3492000048804659642
3492000048804660320
3492000048804671766
3492000048804673202
3492000048804687998
3492000048804691280
3492000048804692134
3492000048804692921
3492000048804693825
3492000048804694362
3492000048804695127
3492000048804696059
3492000048804696578
3492000048804697138
3492000048804697619
3492000048804698398
3492000048804699289
3492000048804700315
3492000048804700897
3492000048804701819
3492000048804706917
3492000048804707382
3492000048804707762
3492000048804708250
3492000048804709675
3492000048804710773
3492000048804717383
3492000048804718167
3492000048804718778
3492000048804719531
3492000048804720437
3492000048804738462
3492000048804738667
3492000048804739316
3492000048804740845
3492000048804741824
3492000048804749344
3492000048804750414
3492000048804751668
3492000048804753496
3492000048804764559
3492000048804766015
3492000048804768391
3492000048804768804
3492000048804770725
3492000048804772368
3492000048804773016
3492000048804773649
3492000048804775821
3492000048804776345
3492000048804776913
3492000048804777494
3492000048804778186
3492000048804778663
3492000048804780416
3492000048804780958
3492000048804781448
3492000048804781487
3492000048804782573
3492000048804790888
3492000048804794820
3492000048804795439
3492000048804796011
3492000048804796429
3492000048804796993
3492000048804797507
3492000048804798189
3492000048804800570
3492000048804801372
3492000048804801494
3492000048804802463
3492000048804802852
3492000048804803913
3492000048804804636
3492000048804805261
3492000048804806132
3492000048804806275
3492000048804815942
3492000048804816537
3492000048804817688
3492000048804818323
3492000048804818685
3492000048804819517
3492000048804820012
3492000048804820786
3492000048804821354
3492000048804821583
3492000048804821760
3492000048804821888
3492000048804822594
3492000048804823080
3492000048804867528
3492000048804868248
3492000048804869295
3492000048804869840
3492000048804871211
3492000048804875957
3492000048804876435
3492000048804877094
3492000048804877588
3492000048804878110
3492000048804878635
3492000048804882399
3492000048804883236
3492000048804893413
3492000048804893983
3492000048804894560
3492000048804895145
3492000048804895636
3492000048804896580
3492000048804896954
3492000048804903792
3492000048804904167
3492000048804904596
3492000048804905521
3492000048804906317
3492000048804906749
3492000048804907424
3492000048804907676
3492000048804907965
3492000048804908689
3492000048804909254
3492000048804910002
3492000048804910254
3492000048804915152
3492000048804916271
3492000048804917219
3492000048804917937
3492000048804918778
3492000048804940511
3492000048804941017
3492000048804943802
3492000048804944402
3492000048804967536
3492000048804968246
3492000048804968909
3492000048804969657
3492000048804974879
3492000048804975215
3492000048804976484
3492000048804976945
3492000048804977219
3492000048804977595
3492000048804978283
3492000048804978604
3492000048804981531
3492000048804982091
3492000048804988234
3492000048804989253
3492000048804989983
3492000048804990632
3492000048804995069
3492000048804996008
3492000048805032984
3492000048805056523
3492000048805056861
3492000048805057242
3492000048805058116
3492000048805058877
3492000048805059765
3492000048805060221
3492000048805060362
3492000048805060578
3492000048805061825
3492000048805062450
3492000048805063613
3492000048805086612
3492000048805088246
3492000048805088464
3492000048805088596
3492000048805088724
3492000048805088852
3492000048805089645
3492000048805090209
3492000048805092894
3492000048805093731
3492000048805094252
3492000048805095673
3492000048805108140
3492000048805109021
3492000048805109574
3492000048805110339
3492000048805110913
3492000048805111646
3492000048805116649
3492000048805117264
3492000048805118346
3492000048805119255
3492000048805119858
3492000048805127658
3492000048805128168
3492000048805128724
3492000048805146776
3492000048805147358
3492000048805148107
3492000048805148704
3492000048805149562
3492000048805150224
3492000048805150951
3492000048805155168
3492000048805155809
3492000048805172608
3492000048805177946
3492000048805178123
3492000048805179498
3492000048805197985
3492000048805198964
3492000048805199560
3492000048805200356
3492000048805201815
3492000048805202354
3492000048805203986
3492000048805204656
3492000048805205271
3492000048805205601
3492000048805205937
3492000048805219636
3492000048805220184
3492000048805220620
3492000048805221123
3492000048805221628
3492000048805222339
3492000048805222965
3492000048805237159
3492000048805238902
3492000048805239364
3492000048805239962
3492000048805240847
3492000048805252845
3492000048805258144
3492000048805258489
3492000048805259010
3492000048805263864
3492000048805264607
3492000048805265350
3492000048805266173
3492000048805269633
3492000048805270577
3492000048805284067
3492000048805284649
3492000048805285561
3492000048805297057
3492000048805297729
3492000048805301416
3492000048805303759
3492000048805305181
3492000048805305459
3492000048805305697
3492000048805305982
3492000048805318267
3492000048805318786
3492000048805319495
3492000048805319871
3492000048805328183
3492000048805329432
3492000048805330991
3492000048805334175
3492000048805334864
3492000048805340977
3492000048805343413
3492000048805361246
3492000048805361922
3492000048805362811
3492000048805364049
3492000048805364190
3492000048805365270
3492000048805366526
3492000048805374094
3492000048805374448
3492000048805374723
3492000048805375416
3492000048805375721
3492000048805376814
3492000048805377318
3492000048805377895
3492000048805387571
3492000048805388245
3492000048805388664
3492000048805389121
3492000048805389974
3492000048805391168
3492000048805405570
3492000048805406917
3492000048805408010
3492000048805420872
3492000048805421876
3492000048805424445
3492000048805425182
3492000048805439335
3492000048805439463
3492000048805440774
3492000048805441221
3492000048805442085
3492000048805459964
3492000048805460484
3492000048805461076
3492000048805461639
3492000048805462006
3492000048805462446
3492000048805463132
3492000048805464051
3492000048805465446
3492000048805466068
3492000048805466949
3492000048805471094
3492000048805473092
3492000048805473725
3492000048805474679
3492000048805478081
3492000048805478405
3492000048805479754
3492000048805480019
3492000048805480949
3492000048805481262
3492000048805481643
3492000048805482591
3492000048805483459
3492000048805483860
3492000048805485026
3492000048805486744
3492000048805487924
3492000048805488500
3492000048805489795
3492000048805517599
3492000048805518329
3492000048805518939
3492000048805519412
3492000048805519603
3492000048805521331
3492000048805521708
3492000048805521816
3492000048805523231
3492000048805523502
3492000048805524308
3492000048805525056
3492000048805525927
3492000048805526994
3492000048805528203
3492000048805529888
3492000048805530706
3492000048805531002
3492000048805532713
3492000048805533366
3492000048805534059
3492000048805534866
3492000048805535424
3492000048805536660
3492000048805536940
3492000048805537500
3492000048805537999
3492000048805539716
3492000048805539926
3492000048805540848
3492000048805541276
3492000048805546800
3492000048805547192
3492000048805547976
3492000048805548312
3492000048805549170
3492000048805565634
3492000048805566063
3492000048805566941
3492000048805567819
3492000048805569223
3492000048805570667
3492000048805571282
3492000048805580395
3492000048805580941
3492000048805582018
3492000048805582867
3492000048805583150
3492000048805583599
3492000048805584090
3492000048805593117
3492000048805595805
3492000048805607052
3492000048805607829
3492000048805608379
3492000048805610721
3492000048805612980
3492000048805613215
3492000048805623391
3492000048805624028
3492000048805625046
3492000048805625430
3492000048805626218
3492000048805626707
3492000048805632067
3492000048805633470
3492000048805634495
3492000048805635332
3492000048805644695
3492000048805646797
3492000048805647811
3492000048805648146
3492000048805649417
3492000048805649950
3492000048805650220
3492000048805651200
3492000048805651961
3492000048805660200
3492000048805660506
3492000048805661380
3492000048805662298
3492000048805663201
3492000048805666667
3492000048805667285
3492000048805667872
3492000048805669732
3492000048805669998
3492000048805670383
3492000048805670813
3492000048805671418
3492000048805672082
3492000048805672863
3492000048805673541
3492000048805674192
3492000048805683513
3492000048805684290
3492000048805684963
3492000048805685545
3492000048805685916
3492000048805687209
3492000048805692155
3492000048805692343
3492000048805692541
3492000048805693111
3492000048805693731
3492000048805694491
3492000048805695080
3492000048805695918
3492000048805700485
3492000048805701632
3492000048805702689
3492000048805709493
3492000048805710078
3492000048805710507
3492000048805711107
3492000048805712163
3492000048805713156
3492000048805715687
3492000048805717626
3492000048805718324
3492000048805719469
3492000048805719741
3492000048805720231
3492000048805720589
3492000048805721083
3492000048805722008
3492000048805723558
3492000048805724635
3492000048805725217
3492000048805740172
3492000048805741254
3492000048805741824
3492000048805749802
3492000048805756293
3492000048805756608
3492000048805757633
3492000048805758248
3492000048805758350
3492000048805760813
3492000048805761557
3492000048805762527
3492000048805763823
3492000048805764511
3492000048805764882
3492000048805765496
3492000048805766355
3492000048805767549
3492000048805768641
3492000048805769002
3492000048805769214
3492000048805769931
3492000048805770613
3492000048805771067
3492000048805771501
3492000048805772473
3492000048805774081
3492000048805775170
3492000048805777410
3492000048805782227
3492000048805783149
3492000048805783507
3492000048805783916
3492000048805784521
3492000048805785003
3492000048805785622
3492000048805786643
3492000048805787749
3492000048805791445
3492000048805792500
3492000048805794017
3492000048805794125
3492000048805798434
3492000048805800471
3492000048805800608
3492000048805801386
3492000048805802246
3492000048805802808
3492000048805817945
3492000048805818673
3492000048805819621
3492000048805822220
3492000048805822445
3492000048805823702
3492000048805823953
3492000048805826095
3492000048805826656
3492000048805828009
3492000048805834623
3492000048805836545
3492000048805837148
3492000048805837700
3492000048805839200
3492000048805839828
3492000048805840508
3492000048805841517
3492000048805842133
3492000048805842606
3492000048805842920
3492000048805843343
3492000048805845168
3492000048805845704
3492000048805846274
3492000048805851169
3492000048805851444
3492000048805851605
3492000048805852137
3492000048805852265
3492000048805852598
3492000048805853214
3492000048805853596
3492000048805854664
3492000048805859590
3492000048805860248
3492000048805860618
3492000048805861930
3492000048805862853
3492000048805864352
3492000048805865060
3492000048805865522
3492000048805866415
3492000048805867236
3492000048805878956
3492000048805880104
3492000048805880493
3492000048805881651
3492000048805882561
3492000048805883130
3492000048805884093
3492000048805891788
3492000048805892980
3492000048805894089
3492000048805894698
3492000048805895319
3492000048805895875
3492000048805896614
3492000048805900610
3492000048805902095
3492000048805911324
3492000048805911452
3492000048805911728
3492000048805912445
3492000048805913507
3492000048805915006
3492000048805915445
3492000048805916324
3492000048805917142
3492000048805917870
3492000048805918626
3492000048805925095
3492000048805926604
3492000048805928085
3492000048805929200
3492000048805930237
3492000048805930717
3492000048805931220
3492000048805931713
3492000048805932839
3492000048805934101
3492000048805934426
3492000048805935292
3492000048805936179
3492000048805936845
3492000048805937558
3492000048805939120
3492000048805939338
3492000048805941918
3492000048805954560
3492000048805956924
3492000048805957683
3492000048805963221
3492000048805982136
3492000048805982297
3492000048805983797
3492000048805986229
3492000048805986866
3492000048805987761
3492000048805988491
3492000048805989079
3492000048805989635
3492000048805990234
3492000048805990544
3492000048805991030
3492000048805991184
3492000048805991683
3492000048805991875
3492000048805992791
3492000048805993748
3492000048805994201
3492000048805995286
3492000048805999314
3492000048805999754
3492000048806000661
3492000048806001022
3492000048806001868
3492000048806002722
3492000048806003576
3492000048806005185
3492000048806006477
3492000048806007208
3492000048806008047
3492000048806008688
3492000048806009500
3492000048806009566
3492000048806010212
3492000048806012520
3492000048806012783
3492000048806015413
3492000048806015986
3492000048806017281
3492000048806018531
3492000048806018839
3492000048806020091
3492000048806020488
3492000048806021052
3492000048806022259
3492000048806026851
3492000048806027505
3492000048806028204
3492000048806028941
3492000048806029459
3492000048806029929
3492000048806030390
3492000048806036095
3492000048806038183
3492000048806039075
3492000048806039738
3492000048806040570
3492000048806041311
3492000048806045142
3492000048806047179
3492000048806054635
3492000048806055334
3492000048806056167
3492000048806056863
3492000048806057965
3492000048806058480
3492000048806058880
3492000048806059261
3492000048806059779
3492000048806060518
3492000048806060885
3492000048806061787
3492000048806063648
3492000048806064835
3492000048806074292
3492000048806075304
3492000048806076435
3492000048806076900
3492000048806086990
3492000048806087799
3492000048806088783
3492000048806089781
3492000048806091020
3492000048806092322
3492000048806092876
3492000048806093185
3492000048806093570
3492000048806094866
3492000048806095669
3492000048806096583
3492000048806097518
3492000048806098876
3492000048806100186
3492000048806100693
3492000048806101956
3492000048806102925
3492000048806104865
3492000048806106005
3492000048806106343
3492000048806106909
3492000048806107259
3492000048806107621
3492000048806108040
3492000048806108297
3492000048806122076
3492000048806123670
3492000048806124044
3492000048806125760
3492000048806126804
3492000048806127536
3492000048806128024
3492000048806128471
3492000048806128996
3492000048806129398
3492000048806129874
3492000048806130462
3492000048806147368
3492000048806147899
3492000048806148329
3492000048806149699
3492000048806150698
3492000048806151552
3492000048806156578
3492000048806156974
3492000048806157510
3492000048806157796
3492000048806158493
3492000048806159024
3492000048806159492
3492000048806159891
3492000048806164264
3492000048806164684
3492000048806165097
3492000048806165705
3492000048806166586
3492000048806167003
3492000048806167462
3492000048806168093
3492000048806168307
3492000048806173915
3492000048806175747
3492000048806176974
3492000048806181673
3492000048806182545
3492000048806182816
3492000048806183519
3492000048806184127
3492000048806184398
3492000048806184953
3492000048806185356
3492000048806186355
3492000048806186720
3492000048806187931
3492000048806188734
3492000048806189544
3492000048806189848
3492000048806191162
3492000048806200582
3492000048806212270
3492000048806212635
3492000048806213013
3492000048806213438
3492000048806213750
3492000048806214682
3492000048806215122
3492000048806215766
3492000048806216174
3492000048806216742
3492000048806217150
3492000048806217517
3492000048806217923
3492000048806218252
3492000048806218750
3492000048806219332
3492000048806219798
3492000048806225260
3492000048806225959
3492000048806226177
3492000048806226782
3492000048806227881
3492000048806228503
3492000048806228701
3492000048806229150
3492000048806229856
3492000048806230316
3492000048806230947
3492000048806231728
3492000048806232664
3492000048806233962
3492000048806234795
3492000048806235686
3492000048806236379
3492000048806238429
3492000048806246019
3492000048806246602
3492000048806247236
3492000048806247427
3492000048806248047
3492000048806248527
3492000048806248979
3492000048806249325
3492000048806249923
3492000048806250121
3492000048806250727
3492000048806251774
3492000048806252793
3492000048806253385
3492000048806254088
3492000048806262920
3492000048806263915
3492000048806264203
3492000048806265524
3492000048806266599
3492000048806267135
3492000048806281073
3492000048806282298
3492000048806283552
3492000048806284310
3492000048806284703
3492000048806286924
3492000048806287423
3492000048806289193
3492000048806289777
3492000048806290620
3492000048806291524
3492000048806292031
3492000048806292394
3492000048806293575
3492000048806294113
3492000048806294692
3492000048806295067
3492000048806295540
3492000048806295907
3492000048806296320
3492000048806296741
3492000048806297119
3492000048806297545
3492000048806297916
3492000048806298930
3492000048806299928
3492000048806300263
3492000048806300391
3492000048806300546
3492000048806301405
3492000048806314551
3492000048806315183
3492000048806315710
3492000048806316319
3492000048806316773
3492000048806317471
3492000048806318324
3492000048806329924
3492000048806330642
3492000048806330927
3492000048806341389
3492000048806342194
3492000048806343858
3492000048806349680
3492000048806350650
3492000048806351025
3492000048806351531
3492000048806355899
3492000048806356124
3492000048806356984
3492000048806366227
3492000048806366918
3492000048806367709
3492000048806368077
3492000048806368425
3492000048806368903
3492000048806369294
3492000048806369895
3492000048806370338
3492000048806370778
3492000048806370986
3492000048806371900
3492000048806372474
3492000048806372662
3492000048806373756
3492000048806374489
3492000048806374764
3492000048806375296
3492000048806376243
3492000048806377250
3492000048806379984
3492000048806383293
3492000048806384161
3492000048806384622
3492000048806385381
3492000048806385757
3492000048806386265
3492000048806386882
3492000048806392073
3492000048806393225
3492000048806394198
3492000048806394719
3492000048806395769
3492000048806401074
3492000048806401228
3492000048806402584
3492000048806403042
3492000048806404382
3492000048806413254
3492000048806413946
3492000048806415308
3492000048806416676
3492000048806418520
3492000048806420026
3492000048806421027
3492000048806421554
3492000048806430451
3492000048806430875
3492000048806431157
3492000048806431605
3492000048806431827
3492000048806432320
3492000048806432921
3492000048806433565
3492000048806433938
3492000048806434403
3492000048806439242
3492000048806439859
3492000048806440476
3492000048806440966
3492000048806441406
3492000048806442639
3492000048806444192
3492000048806445101
3492000048806445483
3492000048806446070
3492000048806446570
3492000048806447519
3492000048806447594
3492000048806449149
3492000048806449640
3492000048806450019
3492000048806450386
3492000048806451321
3492000048806458524
3492000048806463864
3492000048806464445
3492000048806477636
3492000048806478266
3492000048806479193
3492000048806479462
3492000048806480885
3492000048806481313
3492000048806486917
3492000048806487725
3492000048806488553
3492000048806488731
3492000048806489046
3492000048806503595
3492000048806505075
3492000048806505790
3492000048806506410
3492000048806507417
3492000048806508143
3492000048806508711
3492000048806512173
3492000048806513313
3492000048806513481
3492000048806516265
3492000048806516888
3492000048806517522
3492000048806518214
3492000048806518857
3492000048806525775
3492000048806526295
3492000048806526864
3492000048806527345
3492000048806529867
3492000048806543218
3492000048806543612
3492000048806543993
3492000048806549994
3492000048806580937
3492000048806582114
3492000048806582829
3492000048806583654
3492000048806628376
3492000048807493436
3492000048808028528
3492000048811298937
3492000048811955146
3492000048811956496
3492000048812137560
3492000048812138118
3492000048812138305
3492000048812138774
3492000048812139175
3492000048812139385
3492000048812248821
3492000048812249730
3492000048812250374
3492000048812250662
3492000048812251995
3492000048812334632
3492000048812335260
3492000048812336064
3492000048812338111
3492000048812404251
3492000048812404532
3492000048812404854
3492000048812406058
3492000048812407464
3492000048812450903
3492000048812452312
3492000048812452893
3492000048812452996
3492000048812454381
3492000048812454601
3492000048812746900
3492000048812747128
3492000048812747339
3492000048812747590
3492000048812748008
3492000048812748197
3492000048812748765
3492000048812901748
3492000048812902159
3492000048812902426
3492000048812902708
3492000048812935849
3492000048812936132
3492000048812936419
3492000048812938679
3492000048813352425
3492000048813606950
3492000048814306705
3492000048814308673
3492000048814645044
3492000048814647020
3492000048814668058
3492000048814668577
3492000048814669245
3492000048814669584
3492000048814686706
3492000048814686808
3492000048814748344
3492000048814749552
3492000048814749774
3492000048814750202
3492000048814750467
3492000048814750861
3492000048814751393
3492000048814790868
3492000048814791248
3492000048814791654
3492000048814791756
3492000048814792415
3492000048814793337
3492000048814793655
3492000048814794073
3492000048814794753
3492000048814824144
3492000048814885705
3492000048814925200
3492000048814926303
3492000048814926405
3492000048814927304
3492000048814927411
3492000048814927513
3492000048814927615
3492000048815017154
3492000048815174830
3492000048815227067
3492000048815363239
3492000048815363346
3492000048815364559
3492000048815529341
3492000048815777842
3492000048815918974
3492000048815919987
3492000048815938051
3492000048815938722
3492000048815939437
3492000048815940415
3492000048815940783
3492000048815963660
3492000048815971696
3492000048815972751
3492000048816193236
3492000048816194126
3492000048816194361
3492000048816419377
3492000048816449988
3492000048816487183
3492000048816488155
3492000048816488288
3492000048816509511
3492000048816510627
3492000048816510864
3492000048816602751
3492000048816621058
3492000048816976061
3492000048817024626
3492000048817432987
3492000048817435347
3492000048817468454
3492000048817469861
3492000048817508455
3492000048817607103
3492000048817607330
3492000048817607462
3492000048817629348
3492000048817631314
3492000048817664901
3492000048817715525
3492000048817715743
3492000048817717672
3492000048817753802
3492000048817783962
3492000048817784806
3492000048817785182
3492000048817785543
3492000048817785877
3492000048817786323
3492000048817786691
3492000048817787587
3492000048817790568
3492000048817790786
3492000048817800649
3492000048817882949
3492000048817883290
3492000048817883521
3492000048817884192
3492000048817884392
3492000048817884687
3492000048817884886
3492000048817885170
3492000048817910470
3492000048817911535
3492000048817912434
3492000048817946542
3492000048817967621
3492000048817995979
3492000048818198147
3492000048818287333
3492000048818287487
3492000048818287641
3492000048818287796
3492000048818288081
3492000048818288775
3492000048818299213
3492000048818302171
3492000048818308960
3492000048818309244
3492000048818315176
3492000048818331366
3492000048818389486
3492000048818391442
3492000048818391827
3492000048818392758
3492000048818455855
3492000048818457423
3492000048818503985
3492000048818504254
3492000048818525290
3492000048818612554
3492000048818612965
3492000048818615179
3492000048818674889
3492000048818675901
3492000048818867049
3492000048818867405
3492000048818867735
3492000048818868034
3492000048818868337
3492000048818868912
3492000048818908095
3492000048818926833
3492000048818927490
3492000048818927668
3492000048818927882
3492000048818928021
3492000048818939091
3492000048818939314
3492000048818939543
3492000048818939770
3492000048818940052
3492000048818940242
3492000048818940502
3492000048818940737
3492000048818940849
3492000048818999021
3492000048819001086
3492000048819048208
3492000048819158871
3492000048819159227
3492000048819159380
